32 100 72 18 92
12
7 49 51 70 77 81 96 99
7 9 13 23 36 47 63 89
7 35 41 67 68 72 82 93
6 3 8 19 38 58 62
6 30 57 80 86 87 88
6 37 46 60 78 84 98
6 28 43 55 69 75 91
6 7 15 29 31 59 85
6 20 44 50 52 95 97
6 26 40 56 61 79 90
6 1 4 18 66 73 94
6 11 12 22 39 71 83
25 2 5 6 10 14 16 17 21 24 25 27 32 33 34 42 45 48 53 54 64 65 74 76 92 100
134 1095 1458 1000 972 319 426 733 468 597 670 627 569 329 366 816 2259 1048 1180 1130 554 1848 10434 833 593 356 266 1041 516 150 230 737
575 19631 714 1366 379 442 886 272 1386 1239 1233 205 280 1144 487 816 608 676 322 352 695 1572 466 748 527 640 806 536 2801 328 370 951
1252 861 603 619 630 146 2147 1278 2394 851 2222 1156 371 1093 401 3871 681 999 321 1038 1040 349 546 636 1237 520 4169 342 251 591 381 1010
194 816 805 246 647 1123 588 720 366 1279 808 346 2327 967 396 925 688 1407 598 255 1276 721 896 1203 316 1233 127 712 496 758 741 336
10926 1556 120 699 749 1064 842 1608 1088 429 3118 1305 806 724 597 851 146 911 352 905 2640 1017 610 1550 510 1143 671 739 853 289 1304 315
178 198 803 704 1063 3437 426 1136 372 1495 560 404 1351 706 1154 724 1048 136 1115 585 994 659 487 943 541 143 3303 784 479 541 863 377
537 440 666 755 2479 588 333 481 182 396 1052 472 221 1711 429 604 617 588 199 264 528 1733 387 701 2715 430 454 626 332 1765 682 464
791 1786 833 959 258 259 824 785 526 877 588 476 1360 739 1214 812 323 631 617 1013 1171 421 672 749 869 1860 216 6992 2159 1654 640 1674
716 698 1402 565 706 347 1339 617 1653 721 1466 865 994 225 953 935 652 871 1062 467 668 528 1064 1038 343 483 304 1247 6520 651 410 753
289 1087 732 642 512 925 443 495 430 951 565 440 911 2276 804 710 954 696 516 6985 742 125 306 888 568 620 571 875 658 830 2667 447
457 582 389 421 437 2652 1209 467 1110 1016 1331 2916 346 1511 1706 4217 1484 565 273 278 1011 381 424 375 777 438 923 507 979 634 1727 740
283 933 921 235 314 1269 804 512 1434 1003 638 371 1060 1207 799 319 1244 495 308 653 405 519 485 739 7980 974 371 759 452 980 555 1751
514 6691 1028 1392 207 639 628 1372 1602 1481 861 280 461 2373 904 1093 651 746 1127 666 1231 1036 582 1090 938 263 1320 119 346 2147 1780 478
366 668 256 206 179 520 606 1050 370 1687 804 443 625 1843 2557 497 2320 158 338 1388 301 855 464 1525 953 1417 593 23661 687 2290 291 490
885 897 728 380 1046 540 1057 678 113 201 476 965 15039 252 772 322 1014 1719 770 1549 803 523 1199 666 760 405 1043 349 685 270 1197 205
238 622 1792 383 1764 357 475 1521 1233 237 1111 1352 1126 663 859 1213 445 1044 1196 1194 1030 883 183 1716 1088 875 473 854 1927 1515 1772 2069
1308 2408 990 540 1524 705 14539 439 256 2694 669 671 515 952 1058 352 616 357 407 698 832 577 782 1595 603 395 314 687 414 1700 333 1675
687 895 1963 915 476 272 334 766 507 1197 811 1684 687 1413 581 425 913 571 645 1662 1852 3943 1119 619 1842 285 630 486 1102 218 95 1039
978 658 1222 1689 311 1703 675 157 820 649 915 518 2467 653 1975 719 4383 1015 340 793 285 784 747 763 297 442 418 503 921 824 496 293
790 546 415 1138 813 2809 1162 142 681 2021 1836 1602 225 1102 529 989 345 361 2161 487 1234 785 1082 935 1685 1303 1011 7565 1544 117 935 955
961 377 1343 1131 696 1164 712 469 2788 696 771 781 526 413 681 1003 1116 491 2335 1015 421 1216 632 369 214 309 411 806 298 1700 125 271
343 2275 504 234 301 924 965 1032 359 374 310 292 664 570 339 2500 847 327 413 601 657 558 721 935 481 1128 526 1129 922 1027 946 4334
495 765 470 1373 1511 626 6334 1134 722 369 287 1525 447 572 970 407 487 599 746 552 905 2136 876 434 467 1825 220 548 601 542 962 688
428 580 832 295 789 498 1314 738 236 701 318 558 1125 431 497 1382 431 406 352 518 893 1276 571 5931 652 660 1626 1085 2475 258 519 425
209 1185 325 1010 770 593 903 1775 358 711 330 317 942 272 809 544 1414 729 308 421 1839 602 1693 1255 593 3466 298 713 742 732 4623 326
793 421 280 1519 579 2167 555 807 390 1091 359 596 849 359 840 653 248 353 1263 1516 1512 933 1224 595 348 219 9140 1085 763 1427 410 1555
924 2192 890 472 1359 309 1005 678 628 738 889 229 657 878 703 18018 809 473 681 782 454 1228 546 580 657 242 289 1042 111 1037 511 311
1337 1891 844 3977 2140 407 693 397 1718 466 329 301 1275 256 1376 1732 454 1261 269 926 1841 667 1219 1281 248 605 1328 717 3152 282 634 421
1514 1683 275 845 832 75 1387 977 1090 322 1315 1024 637 320 480 773 153 419 4798 254 2698 1198 937 653 771 522 606 1302 618 1317 485 465
489 421 929 855 402 298 701 284 2792 586 626 274 731 931 405 1613 739 672 429 788 862 2321 1242 330 209 521 228 232 966 304 5037 1297
246 1870 1487 905 656 9567 408 388 821 716 582 1459 249 151 265 453 940 368 476 460 718 1865 735 1601 576 341 790 653 663 232 269 1685
500 1103 1628 510 555 159 796 1162 1604 596 293 110 224 321 290 845 137 191 549 418 8747 672 569 1196 990 186 3556 1873 912 2215 1869 3677
2193 839 1531 412 823 210 1437 1151 476 980 676 648 652 1266 938 633 523 1798 269 1190 688 38425 685 348 903 1197 3565 933 784 363 465 137
6710 828 698 3346 890 577 357 1033 743 368 632 357 275 1878 458 1971 713 573 677 2706 1930 2828 1046 841 287 536 294 1385 1359 1171 1726 634
284 664 719 341 3344 508 1755 334 448 1938 1028 494 162 3029 971 179 222 747 2367 1597 789 483 257 1523 178 605 450 4288 1017 412 934 926
436 998 1087 199 329 855 1163 1025 812 308 1477 760 1217 236 607 371 241 3454 2127 642 547 1116 833 2411 427 2637 1186 440 863 9274 806 397
989 741 417 1448 748 361 652 14399 309 1729 766 558 1576 538 448 589 1272 1111 278 644 1296 1588 523 380 730 321 1850 135 1568 457 1606 520
1577 1509 273 452 492 1038 1081 689 492 189 1876 1838 644 612 1125 518 374 1345 312 1055 1934 701 957 1989 612 396 414 495 639 937 571 1456
597 524 493 440 175 498 314 1097 479 235 1485 388 1084 504 5795 901 343 932 869 1276 1313 407 864 1099 596 749 1461 1173 263 755 1090 659
365 1047 477 1304 877 545 1180 686 437 579 3847 858 916 2157 1344 281 438 679 514 260 731 468 671 1165 482 1451 1241 585 605 915 905 717
2122 1221 867 571 781 432 314 970 2522 588 615 831 341 2272 454 2247 719 401 157 330 770 532 298 586 851 264 695 1010 1492 504 617 1347
1571 529 862 727 273 802 1571 140 8030 571 2105 542 2083 267 868 1639 609 241 317 1904 494 212 133 1432 506 566 340 255 688 670 662 335
986 537 299 3512 1339 579 1097 447 642 464 2823 567 554 1823 648 556 591 1374 1621 1694 476 685 1052 215 1061 8887 400 862 427 1520 548 1119
285 1519 1106 906 304 300 925 360 487 1603 210 1519 247 1679 1742 23249 1141 350 1111 1442 733 867 1451 160 331 1839 288 926 970 844 573 772
249 1322 2574 1242 260 618 852 734 777 2219 343 557 1428 1321 311 664 611 908 2280 701 3441 498 240 757 935 302 1443 868 1117 337 431 671
1873 1304 458 215 1011 1115 276 575 598 742 2798 514 692 1093 4154 336 1482 392 415 233 2266 396 602 617 425 3836 620 349 383 1140 3095 332
441 863 3427 192 735 522 560 896 341 5700 1132 1621 623 80 325 2810 954 334 320 439 640 464 1094 322 682 390 1879 3051 439 1319 445 950
878 425 2178 1560 665 597 685 1345 1219 504 792 1143 1099 1009 807 229 105 428 2797 2372 803 411 1800 3743 224 631 1141 939 1370 488 502 788
395 1167 669 634 912 281 417 607 350 738 196 960 542 266 685 1374 681 572 2399 883 280 762 9652 481 1158 743 442 650 481 652 542 702
1547 557 1134 803 657 463 12446 505 1118 535 1792 865 341 501 125 1214 222 931 1387 1247 498 181 1508 802 566 609 331 1093 683 447 752 1414
505 1837 215 161 261 2633 653 222 940 1041 472 963 595 546 741 2437 1175 813 1416 572 1309 674 742 8506 3684 717 1119 473 659 793 328 1174
1090 939 476 501 1002 726 167 602 6848 409 500 537 385 760 964 807 3563 1086 842 257 388 1375 875 915 1074 936 926 563 439 996 572 525
1013 1408 543 1192 884 1229 830 595 202 670 752 594 480 1455 2163 1405 269 10359 390 415 559 425 706 583 1802 177 589 502 547 911 627 435
935 2786 123 975 950 629 805 1211 2740 1176 327 907 454 748 1018 815 1535 1891 589 2510 470 156 3834 461 573 216 1073 285 995 296 416 1431
889 1299 1460 303 908 794 412 362 2473 1312 987 1432 1945 1542 314 520 1760 1100 2061 183 17388 361 1078 847 420 577 1485 521 684 413 1649 2235
1141 671 773 1903 557 666 1541 888 760 1850 508 606 865 8051 983 521 672 476 448 126 1104 1654 784 831 463 523 550 518 1316 1228 3502 1203
963 1333 1429 696 489 192 798 2082 1560 362 2989 419 2404 843 2146 1451 472 510 439 314 414 416 1086 212 714 1578 1845 753 1782 615 452 1313
805 1882 325 939 661 684 1018 727 1182 776 1459 807 660 343 535 2555 219 731 390 645 8435 665 1649 914 772 1117 442 1169 901 2801 524 477
638 766 2730 1318 1656 317 10647 341 1233 767 309 893 758 931 1576 1726 2270 478 2045 547 2763 254 952 692 216 1024 522 941 1109 697 302 237
162 368 1389 471 1262 568 665 493 752 626 1652 746 571 1572 696 1034 464 1205 567 1148 1015 609 1031 979 632 1226 6095 724 338 2588 476 1102
417 1743 2948 536 258 333 2387 385 1036 430 1297 389 2122 973 832 527 581 550 167 950 422 1267 722 431 14576 541 117 303 652 2133 393 415
19265 1030 688 248 606 1043 381 808 266 296 1149 604 713 488 1150 842 884 1808 609 588 249 1149 691 719 461 603 770 469 780 161 1484 282
1717 1983 694 712 984 10768 384 509 539 318 1988 774 378 1331 2533 1325 259 975 694 1445 477 571 480 528 738 303 382 763 808 355 1761 538
1287 1284 982 541 617 81 1082 720 1103 1513 1927 573 902 270 700 1386 8180 1692 259 409 1017 214 198 1279 799 150 908 599 1800 461 644 358
636 957 1037 1735 535 1283 597 522 196 678 6776 679 590 1449 253 409 704 741 801 1140 378 255 519 469 946 338 860 407 405 996 1015 857
848 360 678 464 545 1014 668 778 934 1321 289 637 791 1419 802 645 412 820 4492 429 524 287 400 799 850 571 429 484 232 626 831 541
245 978 200 169 463 376 293 1494 290 353 903 426 425 216 7062 695 495 765 385 1059 266 966 523 1103 668 375 765 631 474 773 544 539
1135 554 493 309 2420 635 744 2112 859 1057 551 1217 1822 518 1268 522 489 609 1273 418 662 938 706 9476 560 800 1145 615 690 542 602 443
897 455 314 227 616 5043 210 696 294 528 613 1573 668 656 686 2850 600 1134 1006 745 252 668 737 956 1017 587 616 320 831 817 632 1669
598 1709 2934 1479 1232 296 387 729 1441 596 217 781 1865 924 400 567 521 4303 713 591 374 87 341 495 485 408 480 687 1547 5551 488 329
875 977 371 950 807 413 394 592 220 218 688 883 9742 760 388 1551 1090 395 295 1146 225 640 658 610 7254 356 539 1117 2461 2170 506 436
243 615 825 3159 402 936 1134 497 3032 589 336 1464 775 344 1255 221 885 669 241 1887 345 1086 1535 1033 434 460 291 731 1156 1070 651 957
2646 395 2024 733 1212 1167 644 557 708 268 552 226 421 334 180 366 889 1137 753 790 294 1199 1170 266 1329 2103 616 374 220 959 582 11631
695 635 1608 746 702 1232 682 400 545 298 726 582 654 598 2190 1043 843 594 16694 1404 523 1636 1562 1717 1482 1711 341 2682 1866 2441 1270 471
2082 2318 397 1318 874 1611 467 383 582 281 2214 725 659 831 467 294 740 613 1512 308 242 1165 572 556 2312 4678 841 1341 1702 1174 607 1020
425 613 571 528 243 563 814 5072 864 513 618 620 1390 370 208 899 736 469 251 437 1899 910 1783 929 758 2665 1610 343 1106 376 444 906
545 799 503 1405 177 1510 286 3794 1205 411 1111 198 296 11886 685 1032 1456 839 842 935 1058 514 259 510 375 758 1801 1911 594 854 1029 1859
554 1786 1097 333 332 549 793 878 575 555 376 422 586 498 617 1082 506 4166 377 413 760 1454 936 1622 275 2168 99 696 1743 615 718 486
517 544 151 376 600 286 796 5106 4084 654 2202 477 636 1034 348 1042 1745 608 731 290 1170 702 228 602 720 888 803 384 1055 615 903 456
385 771 1118 2672 557 757 370 579 3059 1265 2059 1212 346 319 2165 1002 939 349 555 1309 566 337 1180 2590 342 797 1606 533 1316 611 1035 874
726 359 194 210 1537 873 8658 478 1311 1478 2096 330 1050 852 404 550 1622 1211 499 363 943 850 1300 417 440 580 768 501 281 728 1065 1877
1342 1114 286 175 340 1504 689 1896 3618 479 477 3724 743 545 1169 595 1106 782 1018 1085 979 374 527 1598 808 539 395 370 2217 273 459 967
709 1028 413 165 894 3685 658 488 427 366 450 599 775 861 559 570 811 998 764 263 287 525 12427 771 1369 309 1161 383 431 2218 1341 524
2467 1108 1517 584 638 430 815 686 910 448 702 591 1111 930 905 1281 142 1080 837 828 260 425 273 834 861 1024 1328 189 971 1570 580 1038
2749 463 978 381 832 401 620 21804 1037 1756 316 918 395 220 1771 1943 766 965 906 747 1527 587 638 156 678 472 452 617 893 1254 419 1099
234 829 973 247 373 600 15183 511 619 905 555 364 522 1685 722 632 1466 1682 866 349 711 696 730 625 733 544 268 2094 232 947 471 1937
554 416 269 839 257 1054 336 281 2072 403 294 637 1741 552 871 1219 965 277 485 406 130 907 671 148 219 567 380 6361 300 280 444 298
644 359 868 535 192 823 506 395 1661 968 653 692 640 853 1470 624 589 1070 379 421 1910 10719 1369 608 1001 479 589 1124 459 210 2793 791
577 290 351 1351 638 402 158 1569 496 258 329 422 746 426 567 1196 577 1575 793 474 771 603 438 1021 3120 354 147 741 163 211 872 1388
1028 1728 672 428 529 133 511 592 447 1326 831 638 735 827 642 443 715 1021 2063 718 447 574 208 280 22765 1003 459 289 751 501 809 1149
9676 2583 381 364 2141 421 825 1376 287 553 273 357 397 1004 434 1034 537 1109 751 1172 419 934 360 2487 1286 906 465 576 818 1489 806 876
6736 527 807 418 1421 677 1210 260 745 1133 642 969 1120 623 2316 404 910 876 434 875 977 733 348 250 130 1496 1857 347 268 649 588 1173
1252 857 417 1577 283 1574 643 434 8283 494 853 806 2213 1588 118 2123 1402 545 845 761 618 612 1421 415 801 587 1144 834 1852 229 552 520
677 1235 533 712 375 1647 257 445 696 692 807 848 1161 1152 553 427 9756 846 260 479 1637 2254 954 606 577 1157 858 149 143 499 775 578
582 1380 1232 595 743 757 1177 591 599 295 1025 408 729 633 202 857 486 1602 569 1064 1360 416 946 1833 691 176 533 1014 461 2962 1028 1054
221 728 2413 276 1722 273 416 589 530 498 839 468 534 1182 983 693 377 1420 138 2696 1340 201 924 458 793 426 763 892 302 439 820 810
753 507 804 533 2141 479 1059 186 1062 892 1047 1533 690 1287 704 1409 640 739 758 1189 444 415 1070 663 1298 1127 9559 470 451 1378 981 404
950 147 993 541 766 2879 208 788 502 666 1325 769 211 337 1321 872 560 1308 511 979 1655 11541 394 384 126 2618 228 685 662 959 581 1091
1110 810 787 1193 637 494 804 1207 1252 473 570 1218 420 1193 7012 443 416 231 709 1451 474 644 433 706 975 772 774 635 606 481 727 775
613 602 260 16159 930 1278 535 305 430 1677 1501 1186 756 381 1033 671 519 913 346 2421 1304 327 504 966 782 2449 251 670 598 860 184 306
402 -26
3778 -16
4921 -5
8611 17
309 29
334 -1
440 15
190 20
477 0
462 31
6980 -25
107 3
136 26
6586 -7
7243 -12
233 -5
160 24
7366 28
357 -4
125 21
7145 -26
5113 -27
355 -1
3925 13
216 27
5557 28
317 -11
416 24
7161 5
264 -8
240 20
444 29
500 -16
189 -11
240 3
7746 9
8842 14
237 -7
250 16
320 31
90 9
419 -12
136 2
9111 -20
452 7
264 -23
7883 -10
242 -23
480 21
418 -6
8646 32
375 -16
6792 -30
360 4
7652 -17
7402 -21
5295 3
270 -28
6941 27
9153 -9
474 -3
7095 -1
319 -13
471 2
209 -23
221 -2
6358 6
109 17
6246 7
5033 26
7481 3
251 29
401 -24
93 25
3590 -6
3576 -10
6713 -1
122 -24
493 17
4513 -19
8066 11
3609 29
488 1
308 -19
4385 12
5006 31
469 7
208 -14
8773 7
3811 7
122 11
9884 -20
3911 13
5359 -11
4999 30
102 -19
6408 -7
458 -16
6032 20
6682 -29
8 1 2 3 4 7 15 29 55
4 5 6 7 8
4 9 10 11 12
6 6 12 13 14 15 16
4 17 18 19 20
5 9 21 22 23 24
5 25 26 27 28 53
5 29 30 31 32 61
4 33 34 35 36
7 13 36 37 38 39 40 64
5 41 42 43 44 65
4 45 46 47 48
5 49 50 51 52 57
5 45 53 54 55 56
4 57 58 59 60
8 27 35 39 61 62 63 64 66
7 20 46 56 65 66 67 68
4 69 70 71 72
