32 100 72 18 127
12
6 12 37 51 78 80 85
6 6 24 42 88 94 96
6 11 14 26 27 38 77
6 39 47 59 91 93 95
6 17 31 45 53 56 98
6 18 21 40 50 61 70
6 19 48 60 68 75 89
6 8 29 35 52 57 74
6 20 41 43 67 71 79
6 3 22 30 54 65 72
5 23 25 63 69 83
5 32 33 66 82 90
29 1 2 4 5 7 9 10 13 15 16 28 34 36 44 46 49 58 62 64 73 76 81 84 86 87 92 97 99 100
631 564 888 626 691 544 836 559 537 885 1434 1376 2156 2665 5069 1239 860 1282 672 888 907 457 545 247 382 734 381 395 255 435 450 526
912 1502 560 758 528 1081 381 439 283 689 796 383 674 331 308 427 571 643 1079 1177 1038 729 1611 1435 1388 3144 6321 2928 2852 1133 875 1089
308 476 522 885 612 294 474 600 908 468 1346 638 465 691 1404 636 500 853 1226 1576 2641 5036 3136 2170 1124 1005 1549 1266 657 438 655 633
933 567 386 602 488 632 646 460 514 353 553 579 604 696 568 497 768 1425 792 1110 1271 1507 1861 4440 5210 4206 1650 1161 915 944 752 726
589 790 538 561 545 623 502 387 295 1144 778 1044 683 592 832 1188 530 1161 2359 2657 3661 2404 1411 2746 1022 872 825 910 361 961 783 1057
1091 568 583 539 859 627 871 578 878 392 574 437 763 695 996 1047 1394 1716 1522 1546 8846 2124 963 1364 1431 1153 524 642 829 601 638 622
873 656 625 792 994 641 622 654 718 763 532 456 612 911 464 279 581 537 450 623 719 855 1025 2442 2077 1429 4795 1772 1352 1119 1641 671
510 590 456 492 414 448 866 609 672 921 513 755 1206 1060 1703 3281 5508 3397 2123 2192 1699 1560 1183 768 817 829 668 442 452 602 588 388
1525 1058 1217 1387 758 807 580 670 500 713 707 1296 603 514 334 481 609 518 673 605 809 903 620 1221 1136 589 733 1164 1888 1712 6919 2564
948 1823 2012 4433 2117 1517 1247 1215 885 680 599 530 832 598 643 582 590 291 420 419 261 486 883 341 230 433 711 929 676 894 1368 953
580 576 484 1029 523 832 624 1981 1555 1034 1373 1649 5553 2197 1409 1273 1038 897 651 600 613 866 646 645 739 752 543 449 429 680 493 634
1067 1998 6089 4031 1009 1231 850 1106 1538 875 712 673 777 1050 469 1195 414 407 859 477 787 984 297 475 463 422 1345 610 1023 1380 1666 1579
1928 2518 7819 2305 1615 2102 1010 1613 1074 1152 619 959 1004 593 401 311 577 478 416 392 1167 415 576 606 662 711 1180 1221 793 1260 1098 1119
800 957 668 551 890 616 559 1272 1216 1121 1396 1720 2885 2067 2876 1192 818 858 724 596 1064 995 1133 865 1033 503 502 985 324 502 582 697
344 409 886 1268 720 577 767 811 1316 1040 907 1586 1822 5262 1753 1632 1881 1007 1341 908 474 688 693 464 499 477 532 349 483 455 469 919
1206 1418 1497 1975 1636 5134 1890 1571 1758 744 884 802 979 671 537 1035 459 390 513 443 401 627 908 502 491 419 443 603 734 1027 796 517
579 968 667 1195 923 462 416 869 315 328 537 631 457 958 883 709 864 1083 1506 1823 2411 2950 5420 3143 1808 1657 1478 980 820 980 577 639
1595 1184 1239 1101 2122 2954 2653 5317 1577 3751 1055 860 1273 653 867 647 618 946 354 490 530 453 580 443 588 599 383 430 938 1014 725 925
528 675 455 691 1328 917 678 1288 1751 2866 4953 1831 1812 1390 1435 736 1216 341 606 933 999 659 483 314 752 515 409 642 531 450 853 790
5448 863 967 546 923 920 856 1050 803 535 755 648 330 602 350 660 472 483 521 727 780 952 918 960 857 871 616 1682 1510 1522 1021 5134
2430 1470 567 1054 822 777 609 519 687 361 310 640 270 737 461 722 445 505 379 336 523 527 655 764 733 1906 1618 1627 1366 2396 1742 2268
1925 1632 583 853 816 735 567 760 673 582 856 680 559 514 325 408 698 664 431 631 1068 728 1690 1008 608 1090 2492 4264 3659 1723 1013 1476
701 474 588 420 600 734 603 574 252 1074 662 413 501 692 945 739 741 1788 1936 2667 6959 3870 1514 1870 966 1461 852 966 868 972 524 519
1439 1797 1252 716 778 840 566 499 658 881 611 437 368 952 389 447 1035 541 518 433 475 745 605 756 1195 700 404 1513 1901 2939 3314 2092
362 271 410 356 412 366 650 675 799 461 656 1110 1127 889 1029 976 1930 3072 2703 3345 2725 1409 584 968 851 628 743 970 439 654 483 545
1149 1289 2091 5779 2389 1507 1723 1506 1003 641 596 750 534 659 456 508 373 682 381 697 632 586 907 702 379 1799 832 1059 890 461 987 1128
2089 1317 1552 1325 1197 832 924 716 565 584 599 747 650 518 745 230 836 375 582 654 738 474 666 604 885 456 1114 780 1216 2035 2188 4318
512 594 597 953 500 907 535 1036 1221 1682 2804 3701 3816 2011 1375 1802 1458 1183 901 590 744 695 789 491 456 741 652 645 770 506 295 431
959 850 1197 872 831 671 432 887 928 523 698 501 1393 421 334 496 716 474 438 646 511 739 591 1373 1042 2476 1303 1899 3569 1448 1023 1228
1894 2143 810 871 560 485 415 462 502 362 545 534 466 619 500 386 651 526 701 1134 851 442 729 870 656 1112 3295 2876 4505 2858 2582 1761
826 551 607 519 353 558 367 324 669 487 689 997 927 610 615 730 739 865 1315 1771 1615 2417 3650 2089 1649 1463 814 1308 655 590 796 939
606 594 390 585 802 491 336 521 500 492 482 1216 778 369 744 865 650 904 556 945 835 937 1888 3452 4822 2317 981 1382 1342 939 932 585
818 628 590 728 645 823 1126 1685 2468 2010 10631 1517 989 1176 695 1165 1311 467 829 812 512 1061 617 538 509 516 459 491 440 633 737 792
977 1349 814 791 886 731 1058 505 592 708 486 554 501 534 360 746 817 1408 592 347 405 527 410 1277 802 820 1003 2491 1339 2724 2869 2216
1645 1540 4171 4207 1259 1313 1457 988 777 462 589 613 296 1108 605 605 389 463 288 395 553 664 989 625 657 613 833 608 799 603 538 1072
2668 1743 1408 2011 631 1837 655 530 648 943 405 341 541 397 430 478 593 593 643 585 412 635 657 1106 804 924 790 1243 794 1631 1741 3319
1188 972 1415 2871 7552 1765 1522 1435 877 1379 891 735 883 1238 867 626 941 998 418 433 392 440 639 608 507 561 933 527 828 929 1094 1113
759 782 920 707 685 517 372 333 354 486 448 608 591 559 576 952 630 724 1067 1326 1046 1813 1765 4881 3488 2124 2102 974 1154 1163 857 685
665 734 739 910 1115 592 707 987 997 797 1322 2495 2191 3356 1538 1041 2256 678 1091 793 681 769 993 700 863 780 585 389 436 1062 991 346
569 655 261 476 1002 337 455 347 431 488 624 527 605 1063 682 1497 1097 754 1120 1350 808 1230 3438 2321 2588 1113 1531 1186 789 839 440 581
836 694 913 1038 749 1265 706 1671 2132 4524 1979 1723 1535 1422 1095 889 701 1386 1048 815 842 381 709 758 810 653 557 652 444 414 858 479
1201 551 717 580 1195 431 540 827 471 699 676 1192 1321 1457 2756 3664 1147 5334 1246 1233 1875 1471 1337 710 690 977 728 497 718 404 721 338
875 918 707 1102 432 295 457 482 478 830 810 564 407 622 868 1035 816 791 1447 1989 2302 2746 3803 1570 1329 896 825 1172 1483 927 570 872
722 417 886 800 868 825 810 830 699 550 915 2459 2192 4766 4180 1980 1917 1248 828 651 1204 970 717 676 653 680 752 536 368 385 627 495
1335 597 500 779 777 998 602 549 520 380 533 542 355 1129 695 840 439 900 894 1062 701 1057 1190 1069 1050 1619 3039 3093 2723 2359 862 987
932 454 305 628 587 476 582 600 815 839 591 829 878 907 1610 1963 1822 7985 1928 2387 2051 1618 1485 1190 497 816 1019 602 785 369 307 425
665 351 493 511 748 370 372 472 444 723 635 920 768 1247 1143 891 1547 1930 3749 2757 4035 1780 1247 1046 894 749 777 666 521 667 1285 509
661 563 508 301 817 442 538 346 559 541 383 357 521 1094 796 914 632 1131 874 1487 2077 1993 2584 3710 1437 791 787 673 881 698 764 896
665 434 916 580 576 896 536 1065 750 1465 1540 1475 1680 4403 1362 1219 1039 1552 841 1137 545 695 561 559 367 593 398 432 606 352 478 434
1120 1183 855 1175 1625 1550 6581 3126 1255 1378 1000 634 889 531 352 640 449 546 516 519 254 667 762 536 610 832 492 829 406 479 810 1350
453 1292 965 1082 1915 1833 3656 4125 2931 587 1781 762 654 1458 600 403 479 760 557 767 338 312 436 819 686 568 283 800 519 633 722 805
574 276 504 648 571 1115 645 588 943 564 1392 796 1085 1411 3245 2521 2823 1089 1401 1685 763 728 1136 765 606 556 576 555 642 553 488 619
556 846 1243 1227 2169 2006 2633 3101 2048 1538 1552 1703 1076 1074 580 463 438 831 593 493 545 458 466 364 573 430 597 649 688 802 521 557
2664 3449 5299 2018 1687 2428 1564 758 833 720 635 538 1355 622 431 420 437 450 374 347 1009 496 692 696 637 902 980 625 652 545 2144 1537
5000 2431 1343 1297 1286 696 1254 878 1025 367 492 560 587 877 531 380 542 883 624 489 340 1205 357 738 895 948 371 980 736 850 1364 1968
952 1998 1375 981 931 792 694 430 616 389 328 792 647 466 682 662 532 468 482 789 675 922 581 600 1375 1337 930 2299 3264 8653 1696 2145
862 527 339 521 429 699 370 565 572 930 1401 716 757 1094 873 1025 740 1022 2231 4938 5724 2034 1245 855 720 967 890 427 1071 610 875 393
925 574 657 601 580 719 1226 1300 1173 2094 9228 1539 2372 2008 1572 1077 697 1173 798 739 488 517 372 339 841 430 678 408 465 364 326 536
1359 1134 905 489 1400 798 622 325 322 624 503 1041 417 1031 887 339 453 554 1038 632 936 355 765 552 809 844 1246 1927 2438 4002 2413 1702
7292 1495 2574 1140 934 786 578 1067 1232 827 545 810 550 424 841 465 343 360 643 672 477 764 473 511 1155 872 837 648 1175 1340 1475 2163
703 581 480 399 543 483 500 446 1095 498 642 588 1131 1547 1091 1208 1018 6274 2658 2252 1040 1097 800 1282 936 754 755 653 424 709 397 361
750 665 1048 858 531 649 514 1095 411 572 496 571 394 441 715 578 938 670 672 561 711 381 855 871 1161 1518 761 2393 2178 4017 2114 2228
614 954 541 1431 817 1470 1133 1878 3191 3158 5420 2113 879 1028 1113 1338 1066 1034 775 660 1628 564 552 581 769 245 496 590 307 356 568 485
506 752 854 377 971 2058 1529 1672 1411 4118 2634 2436 2554 609 1104 694 718 698 427 497 493 768 497 618 505 682 299 477 792 656 661 552
1706 1499 1303 875 879 609 815 1142 716 384 375 518 573 342 888 541 786 528 625 864 1316 697 1484 1156 1050 1605 2391 1543 2453 8128 1865 3032
663 610 927 796 1252 928 2264 3264 5251 2664 2338 1095 859 1203 2015 957 747 559 737 506 451 343 562 624 836 591 642 440 491 670 696 417
706 928 521 536 414 619 825 615 432 554 647 695 483 1184 2172 1432 1387 1604 3684 2623 1468 1967 935 959 1155 810 1137 1016 976 363 296 266
497 810 674 300 775 545 790 798 1274 1411 764 1246 2411 2706 5235 2544 1407 2151 1411 775 1134 848 901 739 872 914 438 753 708 555 806 453
2294 940 1331 837 872 797 318 450 1098 549 504 652 382 502 433 689 377 409 848 485 696 472 736 837 703 996 1437 1755 1554 3027 3254 2024
596 503 536 337 567 661 589 444 354 647 718 283 1024 625 916 712 692 854 1049 1356 1356 1908 5767 2709 1680 1347 1356 1262 640 597 855 264
688 879 491 723 526 313 436 727 381 717 568 445 786 717 1080 621 1075 1087 1299 2336 3332 6425 2855 1714 2088 2047 1295 908 587 476 511 553
692 974 657 1059 703 590 399 832 748 908 564 2021 1560 2445 1635 3248 3298 1587 1076 1146 1353 566 729 486 582 514 252 632 512 724 696 412
1093 581 1312 658 520 521 686 395 511 299 796 533 515 710 748 750 481 1002 857 637 1074 1797 1776 2731 4282 4570 3616 993 1387 832 540 1329
1065 788 503 1154 686 466 611 360 617 287 754 668 364 276 714 995 1149 876 1219 1028 1040 1419 1394 2368 4701 2647 2292 970 1148 987 1000 573
793 476 632 669 603 310 470 438 250 431 475 324 487 582 506 465 416 600 743 1405 716 1602 810 2729 2088 2092 3131 2688 1286 1190 1033 424
1841 1848 1216 1665 3969 1818 1356 639 1799 710 927 1075 283 664 599 997 580 411 681 1102 330 595 342 575 558 798 880 618 662 752 1035 1586
1244 2030 10588 2274 1505 1694 1358 910 715 636 648 591 811 842 540 640 260 645 384 724 950 367 778 913 637 595 928 945 1078 924 1689 787
2498 3824 3908 2423 1334 1452 1304 740 798 701 665 1156 518 772 511 651 277 377 311 771 475 674 312 607 967 568 1319 1047 1449 879 1211 1642
331 738 564 423 644 668 877 646 586 428 1092 705 939 983 737 1265 1048 790 997 2349 1671 3488 1187 1524 967 877 1049 1526 512 766 563 276
687 618 625 645 1208 851 1409 2504 2356 3514 2543 2003 1942 805 1258 1409 578 836 551 377 583 434 597 494 255 413 607 731 511 757 778 621
607 415 637 815 455 497 604 697 796 665 819 1372 774 1641 1726 3456 1722 1970 1374 1865 1161 735 513 793 777 602 619 438 887 999 372 307
644 275 898 323 529 374 1042 810 932 1657 995 1202 1737 2237 4162 1661 1026 1376 2599 1048 763 671 953 719 486 499 367 611 233 651 491 403
861 384 567 329 437 409 768 352 570 531 654 633 788 577 797 900 1206 512 549 649 1565 1852 3513 2347 2829 1013 1124 1118 957 936 503 1234
1223 1041 709 621 450 589 487 628 496 468 624 470 734 420 398 568 769 779 656 713 1254 1408 1214 908 3061 8350 2913 1780 1318 560 1116 420
576 682 945 927 661 651 526 528 607 408 902 378 1069 804 914 489 1048 637 660 734 1210 945 1717 2511 5736 3262 589 1358 1106 986 773 675
1336 529 327 1157 461 698 344 798 399 560 660 420 525 924 712 615 629 941 792 1062 1480 1117 1159 1970 1384 7226 2156 1051 1941 831 1057 1475
656 1272 601 543 579 561 1604 1277 1349 2069 1826 1859 7770 1330 2129 1142 901 1294 703 835 680 551 1130 475 619 378 692 840 375 518 428 461
859 1150 1011 2333 3654 3402 2645 1246 1847 575 1184 1124 743 717 1085 926 437 806 478 487 652 491 640 1275 334 508 1100 276 566 558 739 1205
612 822 520 366 361 1032 626 502 417 512 844 624 978 527 507 1021 950 590 1701 970 1128 2363 5993 1712 855 1562 616 1010 743 1324 646 567
464 290 304 484 542 294 682 481 256 731 1321 959 1206 1647 1462 1225 2615 4152 1791 1418 2264 1688 1276 452 563 639 1832 607 371 886 775 309
998 1907 1880 3138 3390 2433 1553 1001 717 1033 691 1124 943 500 254 780 494 665 497 282 1017 410 555 327 1052 465 744 727 568 527 1314 797
400 526 549 393 788 634 998 1041 852 927 1483 1904 2046 2268 3155 2654 1579 1846 1984 1110 1005 537 831 619 447 725 815 650 349 451 634 388
1407 1713 1869 5657 1162 4231 2596 2412 1604 1231 844 1080 838 436 583 323 472 581 479 613 362 497 375 611 601 497 623 459 934 612 732 846
713 488 778 920 1319 1440 1962 3079 3527 1727 1458 1720 975 771 1135 662 1121 868 709 983 863 1022 581 521 486 425 304 236 407 567 480 504
815 461 800 849 748 1000 531 1707 2229 2100 2612 6113 1771 1431 1035 1114 1644 1089 915 766 854 483 383 1218 848 294 577 647 592 394 412 543
567 395 348 806 566 344 803 424 624 817 590 887 548 614 979 1176 1547 1552 3199 6351 5300 1567 1048 889 894 1074 939 892 631 734 626 990
673 395 1151 457 547 565 479 621 905 1302 822 1361 2006 1610 4015 4756 2962 1189 842 1305 605 874 678 566 461 485 627 603 513 335 330 677
814 866 598 389 595 730 1267 453 302 407 521 490 582 355 579 631 820 753 567 1209 1264 830 875 3291 2453 4214 2175 1461 1275 533 900 924
1219 905 1734 2761 3448 4533 2139 1719 875 1542 1374 743 844 1030 606 727 585 537 461 785 716 889 497 512 847 358 618 1226 719 818 1242 966
751 972 1007 1689 5541 1483 1919 1290 1550 1555 948 410 713 618 859 499 455 613 434 591 640 487 451 485 871 1058 562 613 700 877 918 551
1081 -21
737 -25
314 16
2760 -20
486 -4
1228 19
2183 21
958 1
780 18
94 25
1235 -23
8296 -15
793 -7
1872 11
441 5
1158 -11
171 -18
328 23
81 8
4488 6
244 -4
691 -3
1139 20
1009 15
447 -19
413 9
658 2
421 13
1437 -10
1118 -16
228 8
414 -4
466 26
1521 -5
1311 -3
1020 -15
1617 3
402 -1
1183 -17
746 3
1382 27
759 26
815 -20
91 13
680 -22
583 23
220 -1
567 -8
3391 3
1373 -21
228 15
429 25
329 7
5074 8
476 29
640 -13
819 -8
127 16
887 5
764 7
1399 15
2202 -4
944 3
1565 14
1026 -13
113 13
3804 -4
2288 30
4423 -20
220 9
803 -16
393 -4
10000 -6
2506 16
626 26
444 -22
443 23
270 0
819 1
1009 -2
988 26
100 -12
2026 -10
453 16
1235 -18
2220 20
364 -17
2732 14
712 -16
1953 17
938 -19
375 -2
1141 -4
3938 0
928 6
1259 15
752 26
2195 2
1960 29
260 17
4 1 2 3 4
5 1 5 6 7 8
4 9 10 11 12
7 9 13 14 15 16 19 20
4 17 18 19 20
5 21 22 23 24 27
4 25 26 27 28
6 29 30 31 32 33 34
4 33 34 35 36
4 37 38 39 40
5 41 42 43 44 48
4 45 46 47 48
4 49 50 51 52
6 51 53 54 55 56 57
5 57 58 59 60 61
4 61 62 63 64
4 65 66 67 68
4 69 70 71 72
