16 50 36 9 46
5
6 2 14 18 30 36 43
6 12 13 22 24 26 39
6 15 16 21 32 42 49
5 11 17 23 47 48
5 4 27 28 35 46
22 1 3 5 6 7 8 9 10 19 20 25 29 31 33 34 37 38 40 41 44 45 50
1222 681 400 728 845 1024 1083 918 1518 3546 3690 2080 1751 1280 873 2884
712 1060 680 2545 2724 4703 3657 2140 1685 1066 1280 1228 914 955 1495 481
466 611 719 1273 1343 1003 2211 2042 5249 3614 1739 1584 1284 1545 1028 938
627 706 897 723 1986 1372 1774 4723 2321 1534 1313 1628 602 716 647 908
549 1021 1724 965 1480 977 1107 1821 2060 7284 1172 1743 1637 1719 1349 1345
1728 988 1048 1071 1238 1232 733 510 1257 1228 1623 1056 1670 2749 3378 3286
1786 1549 2151 3566 5278 2292 1295 814 1164 1657 588 837 826 880 1111 1393
1857 1643 717 550 1464 1392 740 1032 1179 2713 1881 4235 2146 1135 1511 886
2304 3802 3624 2334 1396 1390 1430 620 896 948 511 828 775 1195 1313 1008
1105 639 1801 600 929 1433 765 1228 2023 2932 4892 3159 1479 1807 1547 999
642 1284 1921 2662 8965 1715 1546 1798 1800 985 585 821 1101 544 2029 453
6683 2420 2195 1882 1798 1537 396 618 884 874 861 883 869 991 1109 1348
1144 2160 2304 4318 1785 1308 1051 646 2501 760 1198 768 407 972 1380 1289
1053 1323 2280 3220 5619 2832 1878 2139 1468 1017 704 948 615 1358 478 813
1099 1372 870 2053 1850 1065 6329 2974 2382 1246 926 915 1169 1047 758 1211
1375 1064 627 495 843 766 945 1547 1077 2010 3487 1502 2267 1373 979 1065
1396 963 675 909 983 1329 675 331 731 1011 1270 1703 1909 3544 2008 1006
1553 2301 2754 4751 3083 1074 1370 1450 1142 550 648 569 524 663 1126 1467
1004 829 1600 2294 1153 3159 1896 1703 914 620 718 680 1006 957 823 1156
942 1281 1619 1257 677 590 882 732 879 883 955 1167 1654 2719 4701 2227
3785 1422 1499 1127 996 893 572 1100 656 611 1217 643 1567 1487 3917 7622
1350 1057 1890 4434 2867 1613 1496 1752 630 896 799 558 549 521 897 763
1624 1047 1114 2317 2036 5145 1416 1023 801 1334 1040 1762 742 651 522 1094
704 652 736 715 939 878 1420 1932 1910 3495 2471 2230 792 2080 986 666
1018 2926 3597 2080 2349 1279 1412 1130 531 614 442 815 673 492 594 1308
1321 1526 914 989 485 515 1223 1246 1536 1095 1569 2150 3075 2669 1507 1426
4762 2203 1163 866 1094 801 981 565 699 532 584 784 988 1131 1485 2789
1097 2471 6940 2787 1067 1081 747 1398 860 576 758 915 530 938 687 1543
1568 5205 3404 1567 1488 1261 977 1068 863 376 585 1042 700 1544 1405 1951
645 779 513 688 643 994 1494 2560 2066 2557 2988 1068 1499 1502 557 379
890 1465 2447 1132 1674 9567 1390 1727 1348 817 982 1085 771 754 893 935
1072 1068 3380 1860 6401 1319 1544 647 1275 1098 707 1380 660 760 1206 811
615 1167 846 476 964 679 1040 766 1592 1743 2706 4791 1807 1714 1355 1410
1336 1228 1953 3368 4450 1531 2161 1352 690 1153 1513 1052 808 1142 909 907
748 689 1353 1412 2842 4056 2462 722 1130 960 1213 766 704 758 480 848
733 1109 793 1030 1025 2554 1969 3735 1826 665 1115 1213 738 668 699 364
1100 983 1036 558 2209 1214 1476 1435 5679 2338 1299 1767 1636 1269 1062 915
5618 3403 1444 1688 992 1455 613 660 1752 940 656 1051 1162 1223 2417 2380
1466 2235 2824 4183 1888 1142 1253 1674 979 681 910 822 808 773 1207 1447
4208 1361 1102 1263 702 941 554 670 800 921 1185 916 756 1917 1227 2978
977 873 909 800 621 1192 1976 2652 3511 2783 1651 1834 705 810 911 544
2335 2317 1298 1002 957 1254 429 808 887 860 383 1347 971 846 1358 2345
3861 4786 1760 1441 1684 541 1759 376 792 630 652 1308 1167 1437 1390 2648
1036 564 670 785 588 1229 1168 825 2865 6650 1531 1394 1384 2232 603 716
1083 1661 1367 1494 2103 6656 1559 1450 1788 1697 737 1112 612 444 1260 1361
1424 1149 1406 3020 5893 2699 1387 857 871 1075 856 1055 1204 400 852 1072
578 1033 821 1810 2571 2761 5063 1747 1603 1934 1168 890 579 1282 1086 721
533 963 522 786 927 2019 1782 2556 2591 5720 2532 1943 1015 609 687 718
1447 1845 880 823 1310 665 690 1352 1138 1186 1570 1029 1588 3649 1743 2785
744 688 375 971 947 1870 1871 2625 2047 5932 1398 1630 1139 1643 1666 900
545 6
395 -6
702 -6
1311 11
637 -5
692 28
1311 -13
239 -22
4134 -1
2828 -7
435 -19
4163 0
2110 22
342 -14
1365 23
765 3
224 17
1184 -11
2267 10
330 24
229 14
309 18
201 30
1988 -5
4479 -5
3129 -2
615 -7
1982 12
2616 -23
491 -18
503 -12
471 -1
198 8
1711 23
641 16
358 9
1354 27
222 2
980 -14
254 3
564 28
209 11
590 -24
346 25
1662 -23
808 28
1844 -15
1341 26
5880 26
726 24
4 1 2 3 4
7 1 3 4 5 6 7 8
4 9 10 11 12
5 12 13 14 15 16
5 14 17 18 19 20
4 21 22 23 24
4 25 26 27 28
4 29 30 31 32
4 33 34 35 36
