16 50 36 9 26
5
7 28 33 38 43 46 47 49
7 4 9 17 19 30 32 37
6 8 21 25 39 44 45
6 11 20 22 29 36 42
6 3 12 14 23 27 48
18 1 2 5 6 7 10 13 15 16 18 24 26 31 34 35 40 41 50
6400 3035 1062 742 1429 887 1447 574 771 1514 416 800 612 1405 801 1435
189 489 1145 747 250 211 771 778 779 1426 718 1140 797 863 8960 298
1242 329 368 725 689 653 1722 547 1204 480 2148 1535 6828 976 562 640
420 1253 430 735 416 2114 1639 389 1384 576 449 5171 1398 1201 398 5927
386 755 1418 1222 687 297 640 637 496 622 303 1069 612 4472 417 508
460 431 833 14604 1123 882 811 1180 904 1085 724 909 691 475 461 610
710 2336 256 904 336 362 838 579 214 597 1403 1211 235 415 558 1087
1514 511 711 260 1009 1739 11837 403 324 2384 566 467 2111 925 1868 1218
562 1748 1214 552 606 694 740 134 703 415 226 336 216 980 7159 727
604 1255 547 894 275 2533 1292 269 1001 1659 163 632 437 827 214 652
7412 419 2747 406 437 421 553 2341 265 829 256 372 734 703 1006 629
421 1173 265 1147 301 798 402 822 1100 504 655 3715 842 230 1198 2295
759 3541 539 769 3565 322 804 389 2786 1397 698 321 942 1142 993 89
911 323 231 472 321 381 9701 1473 1240 1841 533 596 360 392 138 2457
933 357 667 286 915 1008 1749 433 389 617 961 233 4628 2749 778 541
788 836 466 422 1054 1000 1071 510 667 4274 525 2346 1449 561 540 1123
485 392 356 2055 2871 817 258 660 198 2533 267 326 261 975 1698 587
448 406 2668 672 760 5483 791 483 491 315 1413 2003 1292 430 460 138
800 892 801 590 898 1102 851 408 843 634 304 286 1021 761 23823 555
682 475 689 3039 586 338 1154 201 460 246 305 382 880 486 859 1310
390 354 208 787 1819 375 975 609 768 893 8980 1364 369 711 662 504
690 1022 689 491 650 745 1494 1473 1664 1833 1815 543 481 520 16990 625
257 588 1619 661 758 1265 6072 631 642 1759 725 1267 679 406 235 738
905 1034 190 658 430 1388 305 2179 1131 9519 106 607 357 1758 779 426
919 580 7813 409 401 491 464 1316 239 1379 442 1246 849 573 134 1064
464 282 476 681 319 419 674 425 705 221 384 852 486 798 6639 577
1072 1100 336 805 1276 1251 423 566 506 1605 211 506 980 1332 618 11163
557 471 315 992 224 875 6987 3345 667 771 421 1769 985 1951 1065 936
1189 371 1165 658 8094 483 465 269 670 399 3051 364 488 408 421 302
2946 1367 318 579 519 400 602 541 3249 302 1483 1008 2012 519 8245 286
667 1555 3157 1265 542 407 577 1815 733 362 465 1427 460 1304 9297 1458
290 1154 574 870 355 763 748 264 648 1485 2550 667 269 5096 2662 2182
729 1461 468 1676 170 7142 496 979 442 992 1687 392 427 240 549 170
20820 230 667 347 701 270 663 573 975 1351 719 1487 1452 562 313 3206
3975 781 363 1021 544 108 1880 604 742 1103 720 454 180 802 703 232
1231 526 570 884 587 379 1016 880 413 1546 1117 1090 7878 626 266 501
505 3738 496 1547 290 5966 1552 645 959 1283 199 358 527 567 176 855
1932 333 2537 2114 1198 725 843 154 1515 9582 2801 839 1092 1256 670 469
1235 499 478 686 953 267 1011 770 809 1313 5010 1170 738 619 1606 1204
2286 368 2676 1338 759 627 402 384 849 1762 1357 607 185 206 1218 220
824 755 974 6007 1032 1830 2071 2392 736 512 422 3133 556 669 867 603
376 2470 465 3334 12440 855 1296 361 249 1827 644 965 238 865 993 893
1367 308 1109 6694 660 287 1097 398 802 527 1533 728 871 1158 273 465
427 597 1775 1599 206 283 2020 848 643 571 450 4996 725 1655 1671 1207
580 21211 1044 1462 1097 815 415 980 1185 285 624 929 577 889 551 579
4460 952 814 232 575 618 530 643 876 654 587 735 485 436 291 892
1910 418 1530 923 3982 2048 227 502 890 702 2787 1599 749 1240 186 404
428 1281 634 490 721 688 531 362 414 342 565 2707 617 1046 566 1293
557 466 582 4107 424 996 754 599 543 335 1230 294 488 1190 1032 731
1609 1431 1281 430 1684 717 1280 511 1089 2048 1129 356 860 513 3910 1622
4656 12
8990 18
4753 11
9279 11
242 8
9178 -23
388 -2
5024 -23
4793 -2
326 -8
3954 -11
138 1
7011 10
298 -15
392 31
6691 2
373 10
195 -22
121 28
305 13
305 -23
9431 20
9274 0
175 -7
490 -13
401 21
323 -17
260 -26
169 26
6495 20
335 20
333 6
173 -7
5461 13
409 -23
269 -15
479 -14
4453 -6
3647 -19
6672 -13
401 3
485 0
151 27
243 -2
167 -30
9686 -23
462 -14
101 -8
199 28
441 -25
4 1 2 3 4
6 1 5 6 7 8 11
4 9 10 11 12
5 13 14 15 16 17
4 17 18 19 20
5 20 21 22 23 24
5 22 25 26 27 28
5 29 30 31 32 35
5 31 33 34 35 36
