8 20 18 4 14
1
7 7 8 10 11 13 15 19
13 1 2 3 4 5 6 9 12 14 16 17 18 20
4327 2183 4804 4939 1049 569 1341 1099
3838 3311 431 3100 1738 2649 4457 4641
4069 2201 4172 3342 1803 4406 1339 4228
1624 1840 3856 1437 2246 1046 866 3620
3419 300 4654 1939 1561 3309 2628 1971
4064 3932 2917 4543 3663 1240 1131 4226
3191 3739 4255 4248 4478 1735 711 2142
2445 3329 4722 3370 3649 4237 4536 3386
1628 575 3105 4123 3676 1938 4174 2344
4813 2516 1520 3197 3441 1489 3272 1339
1442 4197 661 2458 594 3782 3099 4393
1664 1618 2026 4054 638 2927 3843 2699
595 3492 2812 2008 1126 3230 3940 4680
3182 2596 2352 686 810 581 2343 4588
3281 3153 2841 3452 3531 3354 3715 4868
4498 3414 1459 507 1277 395 3189 2951
4057 999 3784 954 1244 2840 2584 2361
2961 606 2065 4979 3964 3539 2964 2070
3052 2944 1750 441 3177 4053 2251 3265
1174 3926 387 3043 2679 3632 1795 2013
2380 -9
2808 10
3587 1
371 -5
2482 14
3407 15
2166 -17
4800 19
4506 -3
3893 -18
2998 10
2391 -21
1535 28
3572 -18
2589 15
4854 -6
1031 12
1146 -3
2330 27
2187 27
5 1 2 3 4 5
5 6 7 8 9 12
6 10 11 12 13 14 18
4 15 16 17 18
